PI : 3.141593 
Time : 0.167890